*NOBJECT_EXPORTER MATRIX
*NMT_VERSION 100
*SCENE
	*FIRST_FRAME    0
	*LAST_FRAME     206
	*FRAME_SPEED    30
	*TICK_PER_FRAME 160
*MESH
	*NUM_NODE 46
	*NODE 0 -1 2 swat:Hips
	*NODE 1 0 2 swat:Spine
	*NODE 2 1 2 swat:Spine1
	*NODE 3 2 2 swat:Spine2
	*NODE 4 3 2 swat:Neck
	*NODE 5 4 2 swat:Neck1
	*NODE 6 5 2 swat:Head
	*NODE 7 6 2 swat:HeadTop_End
	*NODE 8 3 2 swat:LeftShoulder
	*NODE 9 8 2 swat:LeftArm
	*NODE 10 9 2 swat:LeftForeArm
	*NODE 11 10 2 swat:LeftHand
	*NODE 12 11 2 swat:LeftInHandThumb
	*NODE 13 12 2 swat:LeftHandThumb1
	*NODE 14 13 2 swat:LeftHandThumb2_End
	*NODE 15 11 2 swat:LeftHandIndex1
	*NODE 16 15 2 swat:LeftHandIndex2
	*NODE 17 16 2 swat:LeftHandIndex3_End
	*NODE 18 3 2 swat:RightShoulder
	*NODE 19 18 2 swat:RightArm
	*NODE 20 19 2 swat:RightForeArm
	*NODE 21 20 2 swat:RightHand
	*NODE 22 21 2 swat:RightInHandThumb
	*NODE 23 22 2 swat:RightHandThumb1
	*NODE 24 23 2 swat:RightHandThumb2_End
	*NODE 25 21 2 swat:RightHandIndex1
	*NODE 26 25 2 swat:RightHandIndex2
	*NODE 27 26 2 swat:RightHandIndex3_End
	*NODE 28 25 0 m16_rifle
	*NODE 29 28 0 m16_holder_01
	*NODE 30 28 0 shutter
	*NODE 31 28 0 trigger
	*NODE 32 0 2 swat:LeftUpLeg
	*NODE 33 32 2 swat:LeftLeg
	*NODE 34 33 2 swat:LeftFoot
	*NODE 35 34 2 swat:LeftToeBase
	*NODE 36 35 2 swat:LeftFootToeBase_End
	*NODE 37 0 2 swat:RightUpLeg
	*NODE 38 37 2 swat:RightLeg
	*NODE 39 38 2 swat:RightFoot
	*NODE 40 39 2 swat:RightToeBase
	*NODE 41 40 2 swat:RightFootToeBase_End
	*NODE 42 -842150451 0 m16_bullet
	*NODE 43 -842150451 0 m16_bullet02
	*NODE 44 -842150451 0 m16_bullet03
	*NODE 45 -842150451 0 m16_bullet01
	*NODE_INFO 0
		*BBOX	   -0.3004    36.3667    -0.3043	    0.2995    36.8480     0.3149
		*NUM_ANIM_KEY 207
			*KEY      0	    1.0000     0.0000    -0.0000	    0.0000     1.0000     0.0000	   -0.0000     0.0000     1.0000	    0.0000     0.0000    -0.0000
			*KEY      1	    1.0000    -0.0005    -0.0047	    0.0005     1.0000     0.0030	    0.0047    -0.0030     1.0000	   -0.0425     0.0002    -0.1310
			*KEY      2	    1.0000    -0.0026    -0.0061	    0.0026     0.9999     0.0135	    0.0060    -0.0135     0.9999	   -0.1802     0.0035    -0.4726
			*KEY      3	    1.0000    -0.0052     0.0002	    0.0052     0.9997     0.0222	   -0.0003    -0.0222     0.9998	   -0.3253     0.0097    -0.6692
			*KEY      4	    0.9999    -0.0069     0.0104	    0.0067     0.9997     0.0220	   -0.0105    -0.0219     0.9997	   -0.3854     0.0098    -0.5337
			*KEY      5	    0.9999    -0.0062     0.0150	    0.0059     0.9999     0.0141	   -0.0151    -0.0140     0.9998	   -0.3203     0.0044    -0.2302
			*KEY      6	    0.9999    -0.0036     0.0108	    0.0035     1.0000     0.0055	   -0.0108    -0.0055     0.9999	   -0.1805     0.0008    -0.0185
			*KEY      7	    1.0000    -0.0011     0.0031	    0.0011     1.0000     0.0007	   -0.0031    -0.0007     1.0000	   -0.0534     0.0000     0.0299
			*KEY      8	    1.0000     0.0000    -0.0000	   -0.0000     1.0000     0.0000	    0.0000    -0.0000     1.0000	    0.0002     0.0000    -0.0002
			*KEY      9	    1.0000     0.0001    -0.0000	   -0.0001     1.0000     0.0001	    0.0000    -0.0001     1.0000	    0.0052     0.0020    -0.0038
			*KEY     10	    1.0000     0.0029     0.0003	   -0.0029     1.0000    -0.0041	   -0.0004     0.0041     1.0000	    0.0722     0.0192     0.1686
			*KEY     11	    1.0000     0.0064     0.0021	   -0.0064     0.9999    -0.0085	   -0.0022     0.0085     1.0000	    0.1234     0.0459     0.3566
			*KEY     12	    0.9999     0.0106     0.0049	   -0.0106     0.9999    -0.0136	   -0.0051     0.0136     0.9999	    0.1507     0.0799     0.5822
			*KEY     13	    0.9999     0.0148     0.0071	   -0.0146     0.9997    -0.0197	   -0.0074     0.0196     0.9998	    0.1362     0.1132     0.8480
			*KEY     14	    0.9998     0.0181     0.0061	   -0.0179     0.9995    -0.0252	   -0.0066     0.0251     0.9997	    0.0666     0.1334     1.1009
			*KEY     15	    0.9998     0.0209     0.0001	   -0.0209     0.9994    -0.0287	   -0.0007     0.0287     0.9996	   -0.0303     0.1343     1.2897
			*KEY     16	    0.9997     0.0241    -0.0099	   -0.0244     0.9992    -0.0308	    0.0092     0.0310     0.9995	   -0.1213     0.1203     1.4284
			*KEY     17	    0.9995     0.0270    -0.0182	   -0.0276     0.9991    -0.0334	    0.0173     0.0339     0.9993	   -0.2416     0.0992     1.5784
			*KEY     18	    0.9995     0.0277    -0.0178	   -0.0283     0.9989    -0.0386	    0.0167     0.0391     0.9991	   -0.4779     0.0758     1.8087
			*KEY     19	    0.9997     0.0257    -0.0053	   -0.0259     0.9985    -0.0478	    0.0041     0.0479     0.9988	   -0.8449     0.0540     2.1779
			*KEY     20	    0.9996     0.0232     0.0162	   -0.0222     0.9979    -0.0607	   -0.0176     0.0603     0.9980	   -1.2624     0.0389     2.6999
			*KEY     21	    0.9990     0.0214     0.0387	   -0.0185     0.9971    -0.0744	   -0.0402     0.0736     0.9965	   -1.6662     0.0320     3.2655
			*KEY     22	    0.9983     0.0192     0.0544	   -0.0145     0.9962    -0.0855	   -0.0558     0.0846     0.9949	   -2.0697     0.0265     3.7302
			*KEY     23	    0.9981     0.0144     0.0603	   -0.0089     0.9958    -0.0916	   -0.0613     0.0909     0.9940	   -2.5112     0.0132     4.0044
			*KEY     24	    0.9982     0.0075     0.0601	   -0.0017     0.9954    -0.0960	   -0.0606     0.0957     0.9936	   -2.9827     0.0018     4.2194
			*KEY     25	    0.9982     0.0032     0.0594	    0.0032     0.9943    -0.1067	   -0.0594     0.1067     0.9925	   -3.3469     0.0252     4.6841
			*KEY     26	    0.9982     0.0050     0.0606	    0.0027     0.9920    -0.1264	   -0.0607     0.1263     0.9901	   -3.4884     0.1054     5.5021
			*KEY     27	    0.9979     0.0104     0.0639	   -0.0008     0.9890    -0.1480	   -0.0647     0.1476     0.9869	   -3.4774     0.2195     6.4099
			*KEY     28	    0.9976     0.0145     0.0676	   -0.0034     0.9867    -0.1625	   -0.0690     0.1619     0.9844	   -3.4510     0.3049     7.0789
			*KEY     29	    0.9976     0.0150     0.0680	   -0.0034     0.9860    -0.1667	   -0.0695     0.1661     0.9837	   -3.4489     0.3137     7.4030
			*KEY     30	    0.9978     0.0140     0.0641	   -0.0033     0.9863    -0.1650	   -0.0656     0.1644     0.9842	   -3.3915     0.2563     7.5242
			*KEY     31	    0.9982     0.0149     0.0579	   -0.0053     0.9866    -0.1628	   -0.0596     0.1622     0.9850	   -3.2060     0.1828     7.6204
			*KEY     32	    0.9987     0.0182     0.0477	   -0.0103     0.9869    -0.1607	   -0.0500     0.1600     0.9858	   -2.8883     0.1341     7.6876
			*KEY     33	    0.9993     0.0230     0.0282	   -0.0183     0.9875    -0.1564	   -0.0314     0.1558     0.9873	   -2.4549     0.1215     7.6321
			*KEY     34	    0.9996     0.0277    -0.0020	   -0.0277     0.9883    -0.1502	   -0.0022     0.1502     0.9887	   -1.9574     0.1351     7.4758
			*KEY     35	    0.9987     0.0318    -0.0388	   -0.0371     0.9888    -0.1443	    0.0337     0.1456     0.9888	   -1.4451     0.1608     7.3238
			*KEY     36	    0.9963     0.0352    -0.0786	   -0.0459     0.9892    -0.1394	    0.0729     0.1425     0.9871	   -0.9414     0.1782     7.2151
			*KEY     37	    0.9918     0.0372    -0.1219	   -0.0536     0.9895    -0.1339	    0.1157     0.1394     0.9835	   -0.4724     0.1666     7.1048
			*KEY     38	    0.9846     0.0373    -0.1709	   -0.0595     0.9901    -0.1270	    0.1644     0.1352     0.9771	   -0.0409     0.1177     6.9556
			*KEY     39	    0.9738     0.0369    -0.2244	   -0.0654     0.9905    -0.1206	    0.2178     0.1321     0.9670	    0.4545     0.0486     6.8224
			*KEY     40	    0.9601     0.0389    -0.2770	   -0.0737     0.9905    -0.1163	    0.2699     0.1321     0.9538	    1.1583    -0.0209     6.7349
			*KEY     41	    0.9449     0.0447    -0.3244	   -0.0850     0.9902    -0.1111	    0.3162     0.1326     0.9394	    2.0903    -0.1118     6.5075
			*KEY     42	    0.9285     0.0557    -0.3671	   -0.0986     0.9902    -0.0992	    0.3579     0.1283     0.9249	    3.1710    -0.2314     5.8613
			*KEY     43	    0.9100     0.0740    -0.4080	   -0.1159     0.9901    -0.0791	    0.3981     0.1193     0.9096	    4.3763    -0.3280     4.7612
			*KEY     44	    0.8891     0.1006    -0.4465	   -0.1390     0.9888    -0.0542	    0.4361     0.1102     0.8931	    5.7267    -0.3293     3.3942
			*KEY     45	    0.8679     0.1303    -0.4793	   -0.1639     0.9861    -0.0287	    0.4689     0.1034     0.8772	    7.0520    -0.2483     1.9771
			*KEY     46	    0.8501     0.1554    -0.5032	   -0.1833     0.9830    -0.0060	    0.4937     0.0974     0.8641	    8.0828    -0.1766     0.6454
			*KEY     47	    0.8393     0.1739    -0.5152	   -0.1955     0.9806     0.0126	    0.5074     0.0901     0.8570	    8.7491    -0.3073    -0.5667
			*KEY     48	    0.8377     0.1887    -0.5126	   -0.2035     0.9787     0.0276	    0.5068     0.0812     0.8582	    9.1794    -0.5453    -1.6832
			*KEY     49	    0.8443     0.2026    -0.4961	   -0.2104     0.9768     0.0407	    0.4928     0.0701     0.8673	    9.5000    -0.8655    -2.7923
			*KEY     50	    0.8534     0.2163    -0.4743	   -0.2167     0.9747     0.0547	    0.4741     0.0561     0.8787	    9.7407    -1.2511    -4.0770
			*KEY     51	    0.8562     0.2296    -0.4629	   -0.2217     0.9724     0.0723	    0.4667     0.0407     0.8835	    9.8950    -1.6824    -5.6262
			*KEY     52	    0.8452     0.2438    -0.4755	   -0.2251     0.9695     0.0969	    0.4847     0.0251     0.8743	    9.9709    -2.1371    -7.5926
			*KEY     53	    0.8186     0.2579    -0.5133	   -0.2248     0.9661     0.1269	    0.5286     0.0116     0.8488	    9.9135    -2.5796    -9.9481
			*KEY     54	    0.7838     0.2714    -0.5585	   -0.2204     0.9625     0.1584	    0.5805    -0.0011     0.8142	    9.6887    -3.0328   -12.4733
			*KEY     55	    0.7579     0.2752    -0.5915	   -0.2107     0.9614     0.1773	    0.6174    -0.0097     0.7866	    9.2449    -3.5517   -14.6021
			*KEY     56	    0.7585     0.2615    -0.5969	   -0.1940     0.9650     0.1763	    0.6221    -0.0179     0.7827	    8.5068    -4.1032   -15.9736
			*KEY     57	    0.7894     0.2266    -0.5705	   -0.1652     0.9735     0.1581	    0.5912    -0.0305     0.8060	    7.2524    -4.5653   -16.6638
			*KEY     58	    0.8393     0.1740    -0.5151	   -0.1228     0.9836     0.1321	    0.5296    -0.0477     0.8469	    5.4013    -4.7941   -16.9939
			*KEY     59	    0.8912     0.1198    -0.4375	   -0.0759     0.9903     0.1165	    0.4473    -0.0707     0.8916	    3.3184    -4.6860   -17.5206
			*KEY     60	    0.9324     0.0699    -0.3547	   -0.0318     0.9932     0.1124	    0.3601    -0.0935     0.9282	    1.3472    -4.2755   -18.2809
			*KEY     61	    0.9576     0.0289    -0.2866	    0.0042     0.9934     0.1145	    0.2880    -0.1109     0.9512	   -0.2393    -3.6920   -19.0703
			*KEY     62	    0.9704     0.0015    -0.2417	    0.0274     0.9929     0.1162	    0.2401    -0.1194     0.9634	   -1.2663    -3.0708   -19.6178
			*KEY     63	    0.9783    -0.0127    -0.2067	    0.0370     0.9928     0.1140	    0.2038    -0.1192     0.9717	   -1.7513    -2.5136   -19.7939
			*KEY     64	    0.9860    -0.0220    -0.1651	    0.0400     0.9935     0.1069	    0.1616    -0.1120     0.9805	   -2.0013    -2.0510   -19.5714
			*KEY     65	    0.9928    -0.0327    -0.1153	    0.0432     0.9950     0.0896	    0.1118    -0.0939     0.9893	   -2.2846    -1.6971   -18.7436
			*KEY     66	    0.9969    -0.0411    -0.0675	    0.0451     0.9973     0.0580	    0.0649    -0.0608     0.9960	   -2.5188    -1.4539   -17.1692
			*KEY     67	    0.9986    -0.0417    -0.0317	    0.0422     0.9990     0.0160	    0.0310    -0.0173     0.9994	   -2.5168    -1.3488   -15.0525
			*KEY     68	    0.9992    -0.0372    -0.0146	    0.0368     0.9990    -0.0248	    0.0155     0.0243     0.9996	   -2.3048    -1.3722   -12.9447
			*KEY     69	    0.9993    -0.0314    -0.0186	    0.0303     0.9981    -0.0542	    0.0203     0.0536     0.9984	   -1.9244    -1.5757   -11.2962
			*KEY     70	    0.9989    -0.0245    -0.0396	    0.0216     0.9972    -0.0719	    0.0413     0.0710     0.9966	   -1.3667    -1.9533   -10.1440
			*KEY     71	    0.9975    -0.0136    -0.0689	    0.0080     0.9967    -0.0810	    0.0698     0.0802     0.9943	   -0.5812    -2.5131    -9.3434
			*KEY     72	    0.9954    -0.0020    -0.0955	   -0.0062     0.9964    -0.0847	    0.0953     0.0849     0.9918	    0.2474    -3.1654    -8.7517
			*KEY     73	    0.9934     0.0081    -0.1147	   -0.0178     0.9963    -0.0843	    0.1136     0.0858     0.9898	    0.9646    -3.7995    -8.2755
			*KEY     74	    0.9912     0.0154    -0.1316	   -0.0267     0.9961    -0.0842	    0.1297     0.0869     0.9877	    1.5091    -4.2438    -7.6105
			*KEY     75	    0.9868     0.0238    -0.1603	   -0.0376     0.9958    -0.0831	    0.1577     0.0881     0.9836	    2.0045    -4.3805    -6.6513
			*KEY     76	    0.9776     0.0313    -0.2079	   -0.0488     0.9956    -0.0800	    0.2045     0.0884     0.9749	    2.3931    -4.2516    -5.4371
			*KEY     77	    0.9642     0.0334    -0.2632	   -0.0551     0.9956    -0.0755	    0.2595     0.0873     0.9618	    2.5056    -3.9491    -4.0853
			*KEY     78	    0.9519     0.0287    -0.3049	   -0.0545     0.9956    -0.0763	    0.3014     0.0892     0.9493	    2.3147    -3.5181    -2.5342
			*KEY     79	    0.9470     0.0277    -0.3200	   -0.0555     0.9954    -0.0781	    0.3164     0.0917     0.9442	    2.2241    -3.0319    -1.0276
			*KEY     80	    0.9485     0.0310    -0.3153	   -0.0583     0.9953    -0.0776	    0.3114     0.0920     0.9458	    2.2949    -2.6057     0.2227
			*KEY     81	    0.9537     0.0338    -0.2989	   -0.0574     0.9958    -0.0707	    0.2953     0.0846     0.9517	    2.3285    -2.2337     0.9900
			*KEY     82	    0.9612     0.0330    -0.2738	   -0.0501     0.9972    -0.0556	    0.2712     0.0672     0.9602	    2.1917    -1.8844     1.1582
			*KEY     83	    0.9684     0.0298    -0.2477	   -0.0404     0.9985    -0.0378	    0.2462     0.0466     0.9681	    1.9881    -1.5100     0.9445
			*KEY     84	    0.9725     0.0273    -0.2313	   -0.0340     0.9991    -0.0250	    0.2304     0.0322     0.9726	    1.9090    -1.0993     0.7608
			*KEY     85	    0.9735     0.0264    -0.2271	   -0.0323     0.9992    -0.0222	    0.2264     0.0289     0.9736	    1.9896    -0.7403     0.8497
			*KEY     86	    0.9737     0.0241    -0.2266	   -0.0312     0.9991    -0.0276	    0.2257     0.0339     0.9736	    2.0420    -0.4681     1.2082
			*KEY     87	    0.9749     0.0170    -0.2219	   -0.0257     0.9990    -0.0361	    0.2211     0.0409     0.9744	    1.8590    -0.2773     1.6681
			*KEY     88	    0.9772     0.0056    -0.2122	   -0.0151     0.9990    -0.0428	    0.2117     0.0450     0.9763	    1.4247    -0.1564     2.0485
			*KEY     89	    0.9801    -0.0069    -0.1982	   -0.0020     0.9990    -0.0444	    0.1983     0.0439     0.9792	    0.8743    -0.1156     2.2571
			*KEY     90	    0.9836    -0.0166    -0.1794	    0.0097     0.9992    -0.0393	    0.1799     0.0369     0.9830	    0.3930    -0.1172     2.2477
			*KEY     91	    0.9873    -0.0227    -0.1570	    0.0183     0.9994    -0.0300	    0.1576     0.0267     0.9871	    0.0380    -0.1517     2.0449
			*KEY     92	    0.9908    -0.0278    -0.1325	    0.0253     0.9995    -0.0207	    0.1330     0.0172     0.9910	   -0.2589    -0.1986     1.7465
			*KEY     93	    0.9939    -0.0339    -0.1045	    0.0326     0.9994    -0.0136	    0.1049     0.0101     0.9944	   -0.5818    -0.2353     1.4383
			*KEY     94	    0.9966    -0.0399    -0.0724	    0.0394     0.9992    -0.0083	    0.0727     0.0055     0.9973	   -0.9051    -0.2518     1.1589
			*KEY     95	    0.9982    -0.0425    -0.0419	    0.0424     0.9991    -0.0036	    0.0420     0.0019     0.9991	   -1.1061    -0.2483     0.8944
			*KEY     96	    0.9990    -0.0400    -0.0205	    0.0400     0.9992     0.0018	    0.0204    -0.0026     0.9998	   -1.1128    -0.2308     0.6033
			*KEY     97	    0.9994    -0.0343    -0.0091	    0.0343     0.9994     0.0074	    0.0088    -0.0077     0.9999	   -0.9840    -0.2041     0.3081
			*KEY     98	    0.9996    -0.0281    -0.0027	    0.0281     0.9995     0.0106	    0.0024    -0.0107     0.9999	   -0.8214    -0.1750     0.1241
			*KEY     99	    0.9997    -0.0226     0.0038	    0.0226     0.9997     0.0101	   -0.0040    -0.0100     0.9999	   -0.6770    -0.1462     0.0879
			*KEY    100	    0.9998    -0.0184     0.0099	    0.0183     0.9998     0.0073	   -0.0100    -0.0071     0.9999	   -0.5698    -0.1164     0.1302
			*KEY    101	    0.9998    -0.0148     0.0116	    0.0148     0.9999     0.0046	   -0.0116    -0.0044     0.9999	   -0.4845    -0.0868     0.1588
			*KEY    102	    0.9999    -0.0110     0.0085	    0.0110     0.9999     0.0034	   -0.0086    -0.0033     1.0000	   -0.3775    -0.0600     0.1193
			*KEY    103	    1.0000    -0.0066     0.0039	    0.0066     1.0000     0.0029	   -0.0040    -0.0029     1.0000	   -0.2327    -0.0368     0.0491
			*KEY    104	    1.0000    -0.0026     0.0009	    0.0026     1.0000     0.0018	   -0.0009    -0.0018     1.0000	   -0.0917    -0.0160     0.0067
			*KEY    105	    1.0000     0.0001     0.0000	   -0.0001     1.0000     0.0001	   -0.0000    -0.0001     1.0000	    0.0442     0.0020    -0.0035
			*KEY    106	    1.0000     0.0022    -0.0007	   -0.0022     1.0000    -0.0014	    0.0007     0.0014     1.0000	    0.0842     0.0054     0.0488
			*KEY    107	    1.0000     0.0038    -0.0013	   -0.0038     1.0000    -0.0024	    0.0013     0.0024     1.0000	   -0.0966     0.0029     0.0870
			*KEY    108	    1.0000     0.0047    -0.0017	   -0.0047     1.0000    -0.0031	    0.0017     0.0031     1.0000	   -0.5243     0.0031     0.5621
			*KEY    109	    1.0000     0.0051    -0.0019	   -0.0052     1.0000    -0.0035	    0.0019     0.0035     1.0000	   -0.6343    -0.1074     0.7730
			*KEY    110	    1.0000     0.0052    -0.0020	   -0.0052     1.0000    -0.0036	    0.0020     0.0036     1.0000	   -0.6403    -0.4747     0.8216
			*KEY    111	    1.0000     0.0049    -0.0020	   -0.0049     1.0000    -0.0035	    0.0020     0.0035     1.0000	   -0.5666    -0.5396     0.8339
			*KEY    112	    1.0000     0.0043    -0.0019	   -0.0044     1.0000    -0.0032	    0.0019     0.0032     1.0000	   -0.4451    -0.5071     0.8217
			*KEY    113	    1.0000     0.0036    -0.0018	   -0.0036     1.0000    -0.0028	    0.0018     0.0028     1.0000	   -0.3009    -0.4097     0.7802
			*KEY    114	    1.0000     0.0028    -0.0015	   -0.0028     1.0000    -0.0023	    0.0015     0.0023     1.0000	   -0.1590    -0.2805     0.6208
			*KEY    115	    1.0000     0.0019    -0.0013	   -0.0019     1.0000    -0.0017	    0.0013     0.0017     1.0000	   -0.0443    -0.1522     0.3541
			*KEY    116	    1.0000     0.0011    -0.0010	   -0.0011     1.0000    -0.0012	    0.0010     0.0012     1.0000	    0.0079    -0.0574     0.1252
			*KEY    117	    1.0000     0.0005    -0.0007	   -0.0005     1.0000    -0.0007	    0.0007     0.0007     1.0000	    0.0131    -0.0196     0.0475
			*KEY    118	    1.0000     0.0000    -0.0004	   -0.0000     1.0000    -0.0003	    0.0004     0.0003     1.0000	    0.0040    -0.0032     0.0197
			*KEY    119	    1.0000    -0.0001    -0.0002	    0.0001     1.0000    -0.0000	    0.0002     0.0000     1.0000	    0.0016     0.0020    -0.0003
			*KEY    120	    1.0000     0.0001    -0.0000	   -0.0001     1.0000     0.0001	    0.0000    -0.0001     1.0000	    0.0052     0.0060    -0.0038
			*KEY    121	    1.0000     0.0005     0.0002	   -0.0005     1.0000     0.0001	   -0.0002    -0.0001     1.0000	    0.0063     0.0091    -0.0098
			*KEY    122	    1.0000     0.0014     0.0008	   -0.0014     1.0000     0.0002	   -0.0008    -0.0002     1.0000	    0.0237     0.0108    -0.0222
			*KEY    123	    1.0000     0.0029     0.0017	   -0.0029     1.0000     0.0005	   -0.0017    -0.0005     1.0000	    0.0716     0.0108    -0.0503
			*KEY    124	    1.0000     0.0052     0.0037	   -0.0052     1.0000     0.0011	   -0.0037    -0.0012     1.0000	    0.1571     0.0090    -0.0922
			*KEY    125	    0.9999     0.0080     0.0095	   -0.0080     1.0000     0.0017	   -0.0095    -0.0018     1.0000	    0.2704     0.0050    -0.1284
			*KEY    126	    0.9997     0.0106     0.0225	   -0.0107     0.9999     0.0020	   -0.0225    -0.0022     0.9997	    0.3902    -0.0011    -0.1394
			*KEY    127	    0.9990     0.0127     0.0436	   -0.0128     0.9999     0.0023	   -0.0436    -0.0029     0.9990	    0.4984    -0.0146    -0.1336
			*KEY    128	    0.9976     0.0145     0.0672	   -0.0148     0.9999     0.0031	   -0.0671    -0.0041     0.9977	    0.5985    -0.0292    -0.1524
			*KEY    129	    0.9964     0.0170     0.0836	   -0.0175     0.9998     0.0046	   -0.0835    -0.0060     0.9965	    0.7191    -0.0316    -0.2360
			*KEY    130	    0.9960     0.0212     0.0869	   -0.0219     0.9997     0.0062	   -0.0868    -0.0081     0.9962	    0.8937    -0.0174    -0.3934
			*KEY    131	    0.9963     0.0274     0.0811	   -0.0281     0.9996     0.0078	   -0.0809    -0.0100     0.9967	    1.1296    -0.0038    -0.6079
			*KEY    132	    0.9964     0.0339     0.0776	   -0.0348     0.9993     0.0095	   -0.0773    -0.0122     0.9969	    1.3863    -0.0002    -0.8333
			*KEY    133	    0.9956     0.0390     0.0852	   -0.0402     0.9991     0.0120	   -0.0846    -0.0153     0.9963	    1.5993    -0.0044    -1.0418
			*KEY    134	    0.9938     0.0412     0.1028	   -0.0430     0.9990     0.0152	   -0.1021    -0.0195     0.9946	    1.7133    -0.0132    -1.2216
			*KEY    135	    0.9918     0.0413     0.1211	   -0.0439     0.9989     0.0185	   -0.1202    -0.0236     0.9925	    1.7408    -0.0174    -1.3647
			*KEY    136	    0.9906     0.0414     0.1307	   -0.0445     0.9988     0.0208	   -0.1297    -0.0264     0.9912	    1.7459    -0.0129    -1.4703
			*KEY    137	    0.9906     0.0428     0.1301	   -0.0460     0.9987     0.0224	   -0.1289    -0.0281     0.9913	    1.7769    -0.0012    -1.5585
			*KEY    138	    0.9911     0.0449     0.1255	   -0.0483     0.9985     0.0241	   -0.1242    -0.0300     0.9918	    1.8315     0.0092    -1.6605
			*KEY    139	    0.9913     0.0462     0.1235	   -0.0500     0.9984     0.0277	   -0.1220    -0.0336     0.9920	    1.8478     0.0149    -1.8231
			*KEY    140	    0.9915     0.0471     0.1214	   -0.0514     0.9981     0.0330	   -0.1196    -0.0390     0.9921	    1.8215     0.0128    -2.0475
			*KEY    141	    0.9917     0.0480     0.1189	   -0.0530     0.9978     0.0390	   -0.1168    -0.0450     0.9921	    1.7868     0.0088    -2.2966
			*KEY    142	    0.9920     0.0489     0.1163	   -0.0546     0.9975     0.0457	   -0.1137    -0.0517     0.9922	    1.7421     0.0039    -2.5676
			*KEY    143	    0.9923     0.0498     0.1136	   -0.0560     0.9970     0.0527	   -0.1107    -0.0586     0.9921	    1.6870    -0.0010    -2.8503
			*KEY    144	    0.9925     0.0504     0.1111	   -0.0573     0.9966     0.0600	   -0.1077    -0.0659     0.9920	    1.6194    -0.0054    -3.1451
			*KEY    145	    0.9928     0.0507     0.1089	   -0.0583     0.9960     0.0674	   -0.1051    -0.0733     0.9918	    1.5385    -0.0088    -3.4454
			*KEY    146	    0.9929     0.0507     0.1072	   -0.0589     0.9955     0.0749	   -0.1029    -0.0807     0.9914	    1.4435    -0.0104    -3.7463
			*KEY    147	    0.9931     0.0500     0.1062	   -0.0589     0.9949     0.0822	   -0.1015    -0.0879     0.9909	    1.3333    -0.0105    -4.0428
			*KEY    148	    0.9932     0.0488     0.1059	   -0.0583     0.9943     0.0892	   -0.1010    -0.0948     0.9904	    1.2074    -0.0090    -4.3302
			*KEY    149	    0.9932     0.0468     0.1066	   -0.0571     0.9938     0.0958	   -0.1015    -0.1012     0.9897	    1.0653    -0.0054    -4.6036
			*KEY    150	    0.9931     0.0439     0.1085	   -0.0550     0.9933     0.1019	   -0.1033    -0.1071     0.9889	    0.9061     0.0001    -4.8584
			*KEY    151	    0.9929     0.0400     0.1116	   -0.0520     0.9929     0.1072	   -0.1066    -0.1122     0.9880	    0.7293     0.0074    -5.0900
			*KEY    152	    0.9924     0.0330     0.1188	   -0.0462     0.9928     0.1109	   -0.1143    -0.1155     0.9867	    0.4870     0.0168    -5.2671
			*KEY    153	    0.9906     0.0254     0.1341	   -0.0411     0.9925     0.1153	   -0.1302    -0.1198     0.9842	    0.2974     0.0394    -5.4766
			*KEY    154	    0.9884     0.0221     0.1504	   -0.0407     0.9917     0.1218	   -0.1464    -0.1265     0.9811	    0.3039     0.0671    -5.7547
			*KEY    155	    0.9865     0.0232     0.1620	   -0.0443     0.9908     0.1280	   -0.1576    -0.1335     0.9784	    0.4895     0.0850    -6.0261
			*KEY    156	    0.9857     0.0272     0.1661	   -0.0496     0.9900     0.1323	   -0.1608    -0.1386     0.9772	    0.7632     0.0975    -6.2218
			*KEY    157	    0.9861     0.0320     0.1630	   -0.0543     0.9894     0.1346	   -0.1569    -0.1416     0.9774	    1.0201     0.1109    -6.3534
			*KEY    158	    0.9871     0.0352     0.1562	   -0.0568     0.9890     0.1364	   -0.1497    -0.1435     0.9783	    1.1950     0.1318    -6.4729
			*KEY    159	    0.9880     0.0363     0.1498	   -0.0572     0.9888     0.1375	   -0.1432    -0.1445     0.9791	    1.2812     0.1554    -6.5680
			*KEY    160	    0.9889     0.0366     0.1441	   -0.0564     0.9891     0.1358	   -0.1376    -0.1424     0.9802	    1.3197     0.1677    -6.5471
			*KEY    161	    0.9899     0.0382     0.1366	   -0.0561     0.9900     0.1298	   -0.1303    -0.1361     0.9821	    1.4344     0.2138    -6.3898
			*KEY    162	    0.9912     0.0414     0.1258	   -0.0568     0.9910     0.1215	   -0.1197    -0.1276     0.9846	    1.5747     0.2368    -6.1678
			*KEY    163	    0.9925     0.0449     0.1137	   -0.0579     0.9918     0.1139	   -0.1077    -0.1196     0.9870	    1.7113     0.2531    -5.9776
			*KEY    164	    0.9934     0.0470     0.1046	   -0.0583     0.9925     0.1077	   -0.0987    -0.1131     0.9887	    1.7942     0.2771    -5.8356
			*KEY    165	    0.9937     0.0470     0.1019	   -0.0575     0.9930     0.1029	   -0.0964    -0.1081     0.9895	    1.7769     0.2855    -5.6974
			*KEY    166	    0.9935     0.0460     0.1042	   -0.0563     0.9935     0.0990	   -0.0989    -0.1042     0.9896	    1.6993     0.2792    -5.5439
			*KEY    167	    0.9932     0.0454     0.1071	   -0.0559     0.9938     0.0966	   -0.1021    -0.1020     0.9895	    1.6210     0.2720    -5.4344
			*KEY    168	    0.9928     0.0452     0.1106	   -0.0561     0.9936     0.0976	   -0.1055    -0.1031     0.9891	    1.5462     0.2657    -5.4349
			*KEY    169	    0.9920     0.0431     0.1187	   -0.0555     0.9931     0.1031	   -0.1134    -0.1089     0.9876	    1.4351     0.2651    -5.5839
			*KEY    170	    0.9901     0.0374     0.1355	   -0.0528     0.9923     0.1123	   -0.1303    -0.1183     0.9844	    1.2412     0.2762    -5.8515
			*KEY    171	    0.9863     0.0280     0.1626	   -0.0484     0.9913     0.1227	   -0.1578    -0.1289     0.9790	    0.9764     0.2925    -6.1527
			*KEY    172	    0.9798     0.0164     0.1993	   -0.0436     0.9902     0.1328	   -0.1951    -0.1388     0.9709	    0.6996     0.3070    -6.4299
			*KEY    173	    0.9699     0.0039     0.2435	   -0.0398     0.9889     0.1429	   -0.2403    -0.1482     0.9593	    0.4692     0.3209    -6.6808
			*KEY    174	    0.9563    -0.0086     0.2923	   -0.0379     0.9875     0.1532	   -0.2900    -0.1576     0.9440	    0.3271     0.3330    -6.9138
			*KEY    175	    0.9398    -0.0200     0.3411	   -0.0383     0.9858     0.1634	   -0.3396    -0.1667     0.9257	    0.3035     0.3458    -7.1103
			*KEY    176	    0.9225    -0.0287     0.3850	   -0.0412     0.9842     0.1722	   -0.3839    -0.1748     0.9067	    0.4140     0.3535    -7.2210
			*KEY    177	    0.9069    -0.0335     0.4200	   -0.0462     0.9829     0.1782	   -0.4188    -0.1810     0.8899	    0.6391     0.3503    -7.1957
			*KEY    178	    0.8950    -0.0346     0.4448	   -0.0517     0.9822     0.1804	   -0.4431    -0.1845     0.8773	    0.9182     0.3293    -7.0139
			*KEY    179	    0.8861    -0.0333     0.4623	   -0.0563     0.9823     0.1788	   -0.4601    -0.1845     0.8685	    1.1828     0.2856    -6.6846
			*KEY    180	    0.8774    -0.0316     0.4788	   -0.0596     0.9829     0.1741	   -0.4761    -0.1813     0.8605	    1.3949     0.2121    -6.2653
			*KEY    181	    0.8667    -0.0307     0.4978	   -0.0619     0.9838     0.1683	   -0.4949    -0.1767     0.8508	    1.5424     0.1300    -5.8492
			*KEY    182	    0.8581    -0.0306     0.5126	   -0.0621     0.9847     0.1628	   -0.5098    -0.1715     0.8431	    1.5812     0.0569    -5.5024
			*KEY    183	    0.8617    -0.0301     0.5066	   -0.0578     0.9859     0.1570	   -0.5042    -0.1646     0.8478	    1.4304    -0.0097    -5.2119
			*KEY    184	    0.8822    -0.0281     0.4701	   -0.0485     0.9875     0.1502	   -0.4684    -0.1553     0.8697	    1.0228     0.0009    -5.1062
			*KEY    185	    0.9106    -0.0250     0.4125	   -0.0375     0.9890     0.1427	   -0.4115    -0.1455     0.8997	    0.5924     0.0184    -5.0211
			*KEY    186	    0.9365    -0.0207     0.3502	   -0.0284     0.9905     0.1345	   -0.3496    -0.1359     0.9270	    0.2629     0.0421    -4.9167
			*KEY    187	    0.9568    -0.0156     0.2904	   -0.0214     0.9921     0.1238	   -0.2901    -0.1246     0.9489	    0.0412     0.0633    -4.7062
			*KEY    188	    0.9729    -0.0104     0.2312	   -0.0153     0.9939     0.1092	   -0.2309    -0.1098     0.9668	   -0.1266     0.0785    -4.3312
			*KEY    189	    0.9844    -0.0065     0.1760	   -0.0103     0.9955     0.0943	   -0.1759    -0.0946     0.9799	   -0.2368     0.1024    -3.9093
			*KEY    190	    0.9922    -0.0038     0.1246	   -0.0062     0.9968     0.0799	   -0.1245    -0.0801     0.9890	   -0.2844     0.1324    -3.4768
			*KEY    191	    0.9971    -0.0020     0.0762	   -0.0030     0.9978     0.0660	   -0.0762    -0.0660     0.9949	   -0.2672     0.1610    -3.0433
			*KEY    192	    0.9996    -0.0009     0.0279	   -0.0005     0.9986     0.0520	   -0.0279    -0.0520     0.9983	   -0.1861     0.1875    -2.6009
			*KEY    193	    0.9999    -0.0006    -0.0169	    0.0013     0.9993     0.0386	    0.0169    -0.0386     0.9991	   -0.1546     0.1644    -2.1208
			*KEY    194	    0.9985    -0.0011    -0.0541	    0.0025     0.9996     0.0270	    0.0541    -0.0271     0.9982	   -0.0968     0.1607    -1.7112
			*KEY    195	    0.9972    -0.0020    -0.0748	    0.0035     0.9998     0.0190	    0.0747    -0.0192     0.9970	   -0.0320     0.1712    -1.4326
			*KEY    196	    0.9964    -0.0032    -0.0844	    0.0044     0.9999     0.0135	    0.0843    -0.0138     0.9963	    0.0160     0.1835    -1.2322
			*KEY    197	    0.9960    -0.0045    -0.0891	    0.0053     0.9999     0.0091	    0.0890    -0.0095     0.9960	    0.0353     0.1892    -1.0566
			*KEY    198	    0.9957    -0.0058    -0.0922	    0.0063     1.0000     0.0049	    0.0922    -0.0055     0.9957	    0.0308     0.1879    -0.8784
			*KEY    199	    0.9956    -0.0072    -0.0933	    0.0073     1.0000     0.0010	    0.0933    -0.0017     0.9956	    0.0151     0.1818    -0.7063
			*KEY    200	    0.9958    -0.0086    -0.0907	    0.0084     1.0000    -0.0024	    0.0908     0.0017     0.9959	   -0.0071     0.1740    -0.5555
			*KEY    201	    0.9960    -0.0098    -0.0883	    0.0094     0.9999    -0.0048	    0.0883     0.0039     0.9961	   -0.0307     0.1664    -0.4563
			*KEY    202	    0.9965    -0.0112    -0.0833	    0.0107     0.9999    -0.0064	    0.0834     0.0055     0.9965	   -0.0800     0.1576    -0.3875
			*KEY    203	    0.9972    -0.0123    -0.0742	    0.0118     0.9999    -0.0073	    0.0742     0.0064     0.9972	   -0.1322     0.1469    -0.3464
			*KEY    204	    0.9980    -0.0119    -0.0619	    0.0115     0.9999    -0.0072	    0.0619     0.0064     0.9981	   -0.1336     0.1361    -0.3380
			*KEY    205	    0.9987    -0.0097    -0.0494	    0.0094     0.9999    -0.0063	    0.0495     0.0058     0.9988	   -0.0639     0.1260    -0.3557
			*KEY    206	    0.9992    -0.0066    -0.0394	    0.0064     1.0000    -0.0052	    0.0394     0.0050     0.9992	    0.0423     0.1158    -0.3791
	*NODE_INFO 1
		*BBOX	   -0.2107    40.0673    -0.0675	    0.3592    40.5029     0.5176
		*NUM_ANIM_KEY 207
			*KEY      0	    1.0000     0.0000     0.0000	   -0.0000     1.0000     0.0000	    0.0000    -0.0000     1.0000	   -0.0000    -0.0000    -0.0000
			*KEY      1	    1.0000     0.0005    -0.0072	   -0.0005     1.0000     0.0059	    0.0072    -0.0059     1.0000	   -0.0020     0.0013    -0.2482
			*KEY      2	    0.9999    -0.0001    -0.0115	    0.0004     0.9998     0.0195	    0.0115    -0.0195     0.9997	   -0.0900     0.0085    -0.7125
			*KEY      3	    1.0000    -0.0010    -0.0065	    0.0012     0.9996     0.0298	    0.0065    -0.0298     0.9995	   -0.1650     0.0185    -0.9752
			*KEY      4	    1.0000    -0.0012     0.0048	    0.0010     0.9996     0.0294	   -0.0048    -0.0294     0.9996	   -0.1584     0.0178    -0.8333
			*KEY      5	    0.9999    -0.0005     0.0117	    0.0003     0.9998     0.0199	   -0.0117    -0.0199     0.9997	   -0.0923     0.0085    -0.4642
			*KEY      6	    1.0000     0.0001     0.0092	   -0.0002     1.0000     0.0089	   -0.0092    -0.0089     0.9999	   -0.0320     0.0021    -0.1551
			*KEY      7	    1.0000     0.0001     0.0027	   -0.0001     1.0000     0.0019	   -0.0027    -0.0019     1.0000	   -0.0051     0.0002    -0.0164
			*KEY      8	    1.0000     0.0000     0.0000	   -0.0000     1.0000    -0.0000	   -0.0000     0.0000     1.0000	    0.0002    -0.0000    -0.0002
			*KEY      9	    1.0000     0.0000     0.0000	   -0.0000     1.0000    -0.0000	   -0.0000     0.0000     1.0000	    0.0018     0.0019    -0.0009
			*KEY     10	    1.0000    -0.0023     0.0013	    0.0023     1.0000    -0.0012	   -0.0013     0.0012     1.0000	   -0.1342     0.0199     0.0504
			*KEY     11	    1.0000    -0.0071     0.0014	    0.0071     1.0000    -0.0007	   -0.0014     0.0007     1.0000	   -0.4200     0.0474     0.0414
			*KEY     12	    0.9999    -0.0135     0.0037	    0.0135     0.9999     0.0029	   -0.0037    -0.0028     1.0000	   -0.8179     0.0832    -0.0826
			*KEY     13	    0.9997    -0.0202     0.0113	    0.0201     0.9998     0.0092	   -0.0114    -0.0089     0.9999	   -1.2612     0.1199    -0.3158
			*KEY     14	    0.9994    -0.0262     0.0207	    0.0258     0.9995     0.0166	   -0.0211    -0.0160     0.9996	   -1.6934     0.1457    -0.5817
			*KEY     15	    0.9991    -0.0308     0.0274	    0.0302     0.9993     0.0228	   -0.0281    -0.0219     0.9994	   -2.0823     0.1529    -0.7863
			*KEY     16	    0.9987    -0.0349     0.0363	    0.0340     0.9991     0.0255	   -0.0371    -0.0242     0.9990	   -2.4631     0.1424    -0.8412
			*KEY     17	    0.9975    -0.0402     0.0578	    0.0389     0.9990     0.0230	   -0.0586    -0.0207     0.9981	   -2.9059     0.1198    -0.6982
			*KEY     18	    0.9942    -0.0467     0.0965	    0.0455     0.9988     0.0153	   -0.0971    -0.0108     0.9952	   -3.4254     0.0927    -0.3697
			*KEY     19	    0.9876    -0.0530     0.1481	    0.0531     0.9986     0.0033	   -0.1480     0.0046     0.9890	   -3.9913     0.0670     0.1118
			*KEY     20	    0.9773    -0.0582     0.2039	    0.0620     0.9980    -0.0124	   -0.2027     0.0248     0.9789	   -4.6104     0.0493     0.7442
			*KEY     21	    0.9644    -0.0632     0.2569	    0.0736     0.9968    -0.0312	   -0.2541     0.0490     0.9659	   -5.3282     0.0542     1.5152
			*KEY     22	    0.9492    -0.0692     0.3069	    0.0899     0.9945    -0.0537	   -0.3015     0.0786     0.9502	   -6.2166     0.1042     2.4413
			*KEY     23	    0.9328    -0.0752     0.3523	    0.1102     0.9907    -0.0803	   -0.3430     0.1138     0.9324	   -7.2414     0.2203     3.5420
			*KEY     24	    0.9174    -0.0785     0.3901	    0.1309     0.9853    -0.1094	   -0.3758     0.1514     0.9142	   -8.2488     0.4001     4.7532
			*KEY     25	    0.9046    -0.0784     0.4190	    0.1478     0.9797    -0.1358	   -0.3998     0.1847     0.8978	   -9.0889     0.6029     5.8497
			*KEY     26	    0.8942    -0.0766     0.4410	    0.1599     0.9749    -0.1549	   -0.4181     0.2090     0.8840	   -9.7314     0.7803     6.6449
			*KEY     27	    0.8857    -0.0749     0.4581	    0.1683     0.9716    -0.1665	   -0.4326     0.2245     0.8732	  -10.2007     0.9098     7.1495
			*KEY     28	    0.8801    -0.0736     0.4690	    0.1734     0.9695    -0.1733	   -0.4419     0.2339     0.8660	  -10.4819     0.9897     7.5133
			*KEY     29	    0.8793    -0.0708     0.4709	    0.1738     0.9684    -0.1790	   -0.4433     0.2392     0.8638	  -10.4979     1.0135     7.8934
			*KEY     30	    0.8840    -0.0632     0.4631	    0.1665     0.9684    -0.1856	   -0.4368     0.2412     0.8666	  -10.1391     0.9651     8.3522
			*KEY     31	    0.8935    -0.0500     0.4463	    0.1502     0.9698    -0.1922	   -0.4232     0.2387     0.8740	   -9.3814     0.8489     8.7974
			*KEY     32	    0.9066    -0.0355     0.4204	    0.1284     0.9724    -0.1948	   -0.4019     0.2306     0.8862	   -8.3925     0.7082     9.0552
			*KEY     33	    0.9225    -0.0235     0.3854	    0.1049     0.9758    -0.1916	   -0.3716     0.2172     0.9026	   -7.3361     0.5815     9.0435
			*KEY     34	    0.9385    -0.0132     0.3451	    0.0813     0.9797    -0.1835	   -0.3356     0.2003     0.9205	   -6.2685     0.4739     8.8081
			*KEY     35	    0.9528    -0.0023     0.3034	    0.0574     0.9832    -0.1730	   -0.2980     0.1823     0.9370	   -5.1759     0.3802     8.4658
			*KEY     36	    0.9656     0.0096     0.2599	    0.0339     0.9862    -0.1622	   -0.2579     0.1654     0.9519	   -4.0808     0.2954     8.1153
			*KEY     37	    0.9775     0.0212     0.2101	    0.0112     0.9883    -0.1520	   -0.2108     0.1510     0.9658	   -3.0086     0.2147     7.8130
			*KEY     38	    0.9877     0.0343     0.1524	   -0.0124     0.9897    -0.1425	   -0.1557     0.1389     0.9780	   -1.8690     0.1331     7.5560
			*KEY     39	    0.9943     0.0548     0.0917	   -0.0424     0.9902    -0.1330	   -0.0981     0.1283     0.9869	   -0.4034     0.0614     7.2923
			*KEY     40	    0.9954     0.0893     0.0343	   -0.0846     0.9891    -0.1208	   -0.0447     0.1173     0.9921	    1.6654     0.0352     6.8814
			*KEY     41	    0.9903     0.1382    -0.0171	   -0.1393     0.9851    -0.1011	    0.0029     0.1025     0.9947	    4.3440     0.0927     6.0667
			*KEY     42	    0.9786     0.1951    -0.0654	   -0.1995     0.9774    -0.0699	    0.0503     0.0814     0.9954	    7.3014     0.2833     4.6432
			*KEY     43	    0.9610     0.2521    -0.1140	   -0.2568     0.9661    -0.0282	    0.1030     0.0563     0.9931	   10.1112     0.6411     2.6673
			*KEY     44	    0.9386     0.3039    -0.1631	   -0.3051     0.9521     0.0184	    0.1609     0.0325     0.9864	   12.4746     1.1500     0.4290
			*KEY     45	    0.9138     0.3474    -0.2105	   -0.3416     0.9376     0.0645	    0.2197     0.0130     0.9755	   14.2654     1.7072    -1.8162
			*KEY     46	    0.8893     0.3818    -0.2519	   -0.3669     0.9242     0.1057	    0.2732    -0.0015     0.9620	   15.5250     2.1972    -3.8953
			*KEY     47	    0.8686     0.4085    -0.2804	   -0.3843     0.9127     0.1389	    0.3126    -0.0129     0.9498	   16.3997     2.4359    -5.6932
			*KEY     48	    0.8550     0.4304    -0.2895	   -0.3985     0.9023     0.1645	    0.3321    -0.0253     0.9429	   17.0708     2.5374    -7.2345
			*KEY     49	    0.8461     0.4495    -0.2863	   -0.4108     0.8923     0.1870	    0.3395    -0.0406     0.9397	   17.6069     2.5420    -8.7176
